$ANSIBLE_VAULT;1.1;AES256
31323734363464636661626330356464396230623339376536303566393265383261626364383133
6135336165393065343832653961653763383463663338620a333837663631343736626363366133
62306639343239303935316230343438366539303531393639303162633833663865353165376537
6433396661353939360a626462333436666265303839353965353538616130643366646138363663
64636163346534366537623937326331643536653438616439613038343131653437313262386662
35663230383962306538343639316535633963616366623966626262643266303232353838663666
34356538346437343337396631393236346633396531393836333739656263376664383433626163
33663735323366633632613131376461316561616132636436636164633436616636373834363537
35373739306463393130396663313631343862313131333762333536393964326262353338376630
33616366666138663437376332386663626235303061313966616231336166326536333937613462
64643632303137356163616461353065393634373165663138376537373338316137366463613662
34613637623135653962643238303632346563306634613038303666633064383632633061666361
30626631396339363965333638343330646433333737393639313965326631313764373462636530
36353230623162376165383765373233323338633838616333306161333835613539353238613163
33316134343764386266303163393562613162653531326332666334386664373131656662656265
34663433303135613233653635323437303766376539656630666562383430353934386333316137
35356635353933323430393131323636346530333439656264613534306263386566313237363734
34623165373630323262323837623932306636333331613464383236396534353733653464336338
63623436383430353464383065343966333835393461353539393536316636323661323564393938
62616639646633623962396564396530373534356430316464353563376235353830306362363538
30363662323930623436333261326536633463653635663361656437353834366163346634363463
34656231323539666333633864303631643832373939656331323035353632313664346662623432
64643362353537623564386536613862366131626437353334653633313736376634623561353033
37326431383565383933656264393565646331393937356638376630613631623535373531313962
38356262613830623937316130313930636361623236383634313130313936623761666665323831
62393062643630386532633663393166333666616430303334643232353361393263396165383763
39343630353234303836393366633034363039623235313861333163353631393461353633633966
62356531336663376231
